[0.0216193469529537, 0.0971243754231211, 2.75256874258070]
[0.0217089779140287, 0.0981246909356024, -0.0102702210016501, 2.75236993992031]
[0.0209798551907814, 0.0980469645171004, -0.0104472517236759, 0.00209344872155266, 2.75162016067166]
[0.0228063661069370, 0.0972981709598556, -0.0104579736804908, 0.00389493397540320, -0.0189749169323305, -0.0449211533242143, 2.74798067291163]
[0.0218037300478151, 0.0983548386606164, -0.0106709165715862, 0.00438067048613075, -0.0233930199646790, 2.75069174845953]
[0.0231594748757988, 0.0961849883747399, -0.0108448297239137, 0.00381043634205036, -0.0192529508672948, -0.0424925519075639, -0.0248870387340254, 2.74705047856119]
[0.0238389874328769, 0.0958469390371686, -0.0115612350753154, 0.00338310743397563, -0.0189478855304012, -0.0426560227246151, -0.0233011155491715, -0.0165587309703491, 2.74652218089210]
[0.0244302120768062, 0.0954812434040219, -0.0119854131753397, 0.00253831045288850, -0.0193687678340885, -0.0424867535901737, -0.0235265652675375, -0.0146786167964168, -0.0196733661013817, 2.74595186959905]
[0.0236626851171153, 0.0961589684202647, -0.0114976429862041, 0.00338386451870683, -0.0178815904581210, -0.0418375236049073, -0.0235581618012254, -0.0142460348071793, -0.0230146617972510, 0.0349865495580654, 2.74428431296213]
[0.0229076737472033, 0.0959736192871916, -0.0115698429437881, 0.00383215346366742, -0.0177845206639215, -0.0412597797699559, -0.0228826570471730, -0.0145973123315126, -0.0228638456903018, 0.0343901562741871, 0.00667110522664576, 0.00828387258935747, 2.74360092560815]
[0.0229629273979808, 0.0959478351681121, -0.0112606807029923, 0.00365962849396257, -0.0178548615351177, -0.0414971633573113, -0.0232251069200990, -0.0146913188588347, -0.0229531074520852, 0.0342858031760456, 0.00747160504498507, 2.74376262176730]
[0.0230790305443285, 0.0957900163273968, -0.0113623481042332, 0.00333300496599655, -0.0175600403792621, -0.0412409504685755, -0.0224618266851647, -0.0140997532427220, -0.0228210990807581, 0.0347257828662737, 0.00685034591120617, 0.00708583148815523, 0.0122885606989356, 2.74301948992645]
[0.0229255027689491, 0.0953357272113911, -0.0115530363182561, 0.00339031405047668, -0.0183522832437861, -0.0408014325795135, -0.0222919107283215, -0.0135132956036304, -0.0219418185966978, 0.0349713470842608, 0.00705747596372780, 0.00736154562828137, 0.0102137795874011, 0.0215358201034235, 2.74218104684828]
[0.0227331365236491, 0.0952896775768732, -0.0115427005181720, 0.00337341517361076, -0.0184414688871911, -0.0409243606133720, -0.0221907880951783, -0.0134249842714124, -0.0218786891903612, 0.0351404651983288, 0.00716750361060657, 0.00726347228314838, 0.0102529944905202, 0.0211586974450224, 0.00401207922649632, 2.74210650244041]
[0.0232451560134092, 0.0953672381539440, -0.0113373536168717, 0.00341042038552783, -0.0183675906302000, -0.0407028101104556, -0.0217450234166068, -0.0137480407792557, -0.0221291551387309, 0.0348886750333394, 0.00659480174794601, 0.00693957814463156, 0.0104725131368154, 0.0210120643953124, 0.00530369154104839, -0.0136970122882236, 2.74175919875699]
[0.0230864558487727, 0.0954551067397025, -0.0113735146439422, 0.00328458382823049, -0.0184276120875417, -0.0407442175876636, -0.0217925957140153, -0.0139634705290201, -0.0219912863853830, 0.0349755720372876, 0.00673154383339104, 0.00720018537674151, 0.0105923389382624, 0.0209751362079768, 0.00537446461161638, -0.0142953743162495, 0.00629379646481373, 2.74166830257411]
